# Created by Octave 3.8.0, Fri Oct 16 23:03:39 2015 EDT <JosephTao@dhcp-hol-3047.eduroam.cornell.edu>
# name: w
# type: matrix
# rows: 1024
# columns: 1
 -4.526107580510842
 33.54732837511303
 228.4958063312103
 -132.5541671134886
 2.806964015378092
 -58.56925090521995
 64.44732658678825
 -48.40932481179468
 -25.9354540117279
 73.82526556833443
 56.73662219342841
 -132.339948746466
 4.008335035739451
 24.74922388366394
 161.0364053015227
 -79.70209622781914
 -22.45548015382288
 -81.88489777723071
 68.73050545186717
 151.8708879881783
 -6.375804018159643
 42.34603306726077
 56.64528489058576
 35.90964791989212
 -46.13056941918313
 84.81558269480372
 72.41161010330899
 108.6573515292851
 6.240182949751519
 59.27665480671939
 14.35449767039245
 -15.02866708675665
 61.77073833857965
 -98.12794009916267
 282.4913046982582
 -49.97444684000676
 36.80838215856199
 -20.56032313160401
 -31.57252980411716
 41.6188355894722
 51.71606962020598
 32.71868181170329
 -26.2725758316024
 144.4068721153506
 53.65536081178715
 -112.5437808127924
 35.92269583769195
 13.02669941317841
 -16.38284828652204
 -77.3742815023739
 47.84447399658433
 43.66303891477572
 50.49583213146793
 -54.32493855461183
 -12.4944784077007
 -21.50230134743475
 -66.7208168328856
 77.7581724111012
 30.88555539283839
 9.618842518485515
 125.3227529685288
 67.66957330112004
 -20.68421645727494
 -13.28913804000493
 11.12647873236057
 -34.23593275634752
 6.571280130396431
 -32.42125983887497
 -64.76177840088242
 -5.568643457859518
 219.8863719140103
 -13.31804919885424
 -58.52830720383266
 -60.90328856405623
 -93.99151320120086
 -7.952849933454899
 27.23101305115897
 76.10720646162605
 18.31003967821564
 71.2290294671068
 37.71070949602152
 -33.50561726531846
 17.56341346247505
 -8.850452027210572
 43.14270197554448
 20.92059165620147
 11.22464824595085
 -20.98170484123826
 126.7521616577815
 30.50636749470894
 -60.15769610220367
 112.7311401149446
 85.88573211043091
 -34.13954261295754
 -86.60451316690994
 -48.17393455212921
 -156.3246300209761
 70.61734798813858
 -82.37928715556684
 77.61409760954569
 -95.76080287495604
 -91.42616003144575
 -15.081388616776
 -41.66581115035445
 -209.10725910877
 -22.98481759119239
 -161.1349541428356
 126.1659206297987
 -304.8698578724057
 142.7066594133422
 -26.64952857395308
 -18.04757419168605
 170.9004818565288
 -19.37180025169697
 -171.4882514682528
 -37.67610624543861
 -25.64832149989955
 53.39245601873135
 24.95688020470454
 -33.8646458866554
 -41.61031310142179
 109.9011509401266
 -70.83627859858966
 -176.7761106405327
 -111.5668648387192
 -60.07730453817298
 9.615777742872915
 -2.06609873719878
 16.00622861021893
 4.119492488411359
 -65.94763328220147
 -13.56680646904231
 -19.08974125738611
 -11.23483610641673
 -0.02673572561031189
 35.9385876009917
 40.85663551663293
 -118.1735458973815
 58.31366050862435
 -130.5514991989718
 75.25418257006858
 -47.91015386798976
 58.82489323792964
 5.637385218299939
 -141.0999233713181
 -28.80874143059463
 -52.4368704513404
 89.09249490717022
 -42.74314577202873
 56.45668255445112
 52.18803614296478
 -19.09941834693012
 -75.10529478993556
 -157.7069508053087
 -28.91259842852896
 -133.6516852266562
 -28.94046381926893
 -23.89384187644875
 -8.184621169640034
 -76.45057651950907
 -45.88096758640846
 -34.42029998509267
 38.91899673635599
 -119.2882259230341
 177.3232699006806
 260.4061795300626
 -22.20172761755765
 -28.6531033849426
 13.99965319049827
 34.56376830047495
 -59.27727786002378
 -1.009592461780986
 76.13885037212739
 -4.92253108698306
 16.68313293670642
 -66.03602085138233
 -29.45223669570391
 -161.0401998167345
 143.9437123024523
 -228.3614100327493
 -29.58378133630814
 -109.844282782968
 -90.12931500211124
 196.5330753434871
 36.86881678151899
 48.85938351450898
 18.4901287701027
 31.377080427013
 -51.31908946291568
 -61.9531214726581
 49.03026531544794
 -24.64141612206596
 69.140572624187
 -1.344716764824753
 12.31480135528644
 -64.79806081686654
 123.6017445207059
 65.05525279392505
 65.94083311079812
 -42.93249256171669
 -43.49958655293406
 -119.8307080967169
 159.3808824623905
 -35.91932998815398
 18.72163904779361
 -49.37053656868412
 -49.01694056816699
 -25.06137928553807
 31.08366142223862
 29.70789960298545
 35.67110991092262
 -9.545390036753762
 53.46203611749512
 25.63478479846883
 -52.45835972185577
 103.7314916426639
 -68.2699817723239
 -121.6847182703211
 -33.49591470575587
 -83.18752098875225
 -101.4249439807251
 -30.46859255920677
 21.48981688243096
 -76.97063122366701
 66.48429989426113
 -83.87556517188804
 97.53150146965
 27.28256060311353
 18.7077294264577
 -7.830666135321904
 -64.8297080569512
 7.288920729839702
 51.70583937071436
 38.62019845213564
 -12.36033733436416
 19.44513342501154
 -40.83850068290546
 21.34552885655624
 -54.76948656987036
 103.8744169525998
 -30.09697481140662
 64.70749900166543
 -45.58768659806648
 -153.3921070488444
 -1.036882575685501
 -45.24962740516219
 -164.082401024886
 9.344741970186668
 108.6686968600596
 -60.66408496540622
 -67.98153381894252
 -48.10024960659499
 27.26151835895047
 59.84441002452888
 30.73611158934095
 16.65074906297522
 -89.82569403543727
 -35.01859763935514
 49.77247204024363
 -83.47560609615037
 -11.45282714578603
 129.7560024671069
 -81.49649021716063
 -17.57547380475049
 -108.0863993818206
 -59.12716232130832
 125.5345621050693
 8.792993143887253
 113.0331442111078
 -12.96179216925091
 -97.42621589205142
 137.9522565739857
 -25.41861337589592
 -56.8881664777654
 3.064076657923305
 66.34422099552869
 -13.77962434966494
 -16.86751699935287
 -68.40437206413479
 101.4473400754106
 3.378293906548443
 -49.50550068125024
 -36.80573213539365
 -5.845157589130951
 -71.24871368338789
 -22.84354903975551
 35.16268638944857
 110.2099798733971
 63.17069165777249
 129.2443783722973
 -90.90634922897425
 31.1713216568173
 12.40158708812439
 -111.2664890367269
 -4.813393714787377
 -32.81818869045021
 71.43240878780924
 -8.549751315113379
 21.02653360175297
 16.65094454808208
 141.5654832514569
 -22.85537003239923
 26.46252377660522
 -36.08457000776992
 45.27912531406607
 -64.62341126564935
 173.7958666644089
 -12.7360106700322
 -12.1451548569756
 115.9642915971589
 46.61877513487332
 61.87879701122653
 0.4772773773311936
 55.57396707037613
 50.95197605718345
 -23.33700831443392
 -5.550863214678162
 -28.46606975832978
 38.53464644829192
 -50.50178028440444
 -77.86720053555953
 20.24133211363914
 44.92656016465239
 30.67413274752458
 -21.93790154870597
 127.424334914772
 -55.11645276137519
 71.65918894286912
 151.0424843373691
 71.82512277380042
 16.62086653171249
 5.108704304515006
 -27.14127769727274
 47.89742656593948
 59.58948702569798
 82.1484343745345
 -27.47824310486358
 10.12853286469061
 15.19482515372021
 54.07200020312463
 -156.3566724525533
 33.07856237962248
 -35.33482000518767
 -3.142820551712975
 -4.201681346798312
 -33.49708519780371
 79.24435716605529
 -52.87813567045508
 -164.4294660619149
 18.17628106308029
 -56.24182816420422
 -162.3423872650632
 -28.1926832737506
 -34.9650989963327
 15.75382996465007
 125.9934445076577
 68.96480354503689
 137.0614048218175
 50.11236101232998
 4.527494743302381
 92.49794325650628
 -27.07358299891167
 -10.12144277806432
 -7.89697979605098
 104.3708584686143
 -100.5427284501539
 -113.5010862257258
 -37.71149577040868
 -10.05343386717878
 -39.40009697702587
 -89.80281880992955
 7.017610133567975
 -100.928962582411
 5.788773428327835
 -104.2894031011072
 -70.38783378528917
 -55.64998560146908
 147.3697074469401
 46.68540423867181
 -64.70761376352431
 163.1817718012016
 102.7236196972331
 -80.16279336663611
 24.19846664910764
 53.90013360844669
 56.98383592014155
 116.4132308814277
 -67.71056253051616
 12.19931652369353
 162.7055015833072
 4.08607194277798
 -10.72192843746162
 18.50808473897055
 1.548740959975447
 36.45682949319331
 76.9304711562591
 -40.2611273802366
 -91.01886846604285
 33.58964769176702
 -29.06798356009511
 128.5989294902087
 -118.8189953995305
 -103.559453049291
 -43.24611980875008
